,identity_representation,transgender_workplace_experience,iam_and_architecture,hr_and_organizational_systems,inclusive_design_and_vsd,relational_and_legal_status,ai_bias_and_digital_risk
identity_representation,5747,881,1668,923,664,535,788
transgender_workplace_experience,881,2282,22,490,532,330,585
iam_and_architecture,1668,22,2674,397,97,78,273
hr_and_organizational_systems,923,490,397,3544,521,738,481
inclusive_design_and_vsd,664,532,97,521,2827,317,510
relational_and_legal_status,535,330,78,738,317,2767,321
ai_bias_and_digital_risk,788,585,273,481,510,321,2731
