,identity_representation,transgender_workplace_experience,iam_and_architecture,hr_and_organizational_systems,inclusive_design_and_vsd,relational_and_legal_status,ai_bias_and_digital_risk
identity_representation,5741,881,1666,919,663,534,786
transgender_workplace_experience,881,2270,22,490,531,329,585
iam_and_architecture,1666,22,2671,397,97,78,272
hr_and_organizational_systems,919,490,397,3538,519,737,480
inclusive_design_and_vsd,663,531,97,519,2824,317,510
relational_and_legal_status,534,329,78,737,317,2763,321
ai_bias_and_digital_risk,786,585,272,480,510,321,2728
